 7  2  29
 8  2  29
 7  3  35
 8  3  35
 6  4  55
 7  4   9
 8  4   9
 9  4  55
 5  5  53
 6  5   0
 7  5  46
 8  5  46
 9  5   0
10  5  53
 4  6 184
 5  6   8
 6  6  12
 7  6 167
 8  6 167
 9  6  12
10  6   8
11  6 184
 4  7 148
 5  7   0
 6  7   0
 7  7  32
 8  7  32
 9  7   0
10  7   0
11  7 148
 5  8  31
 6  8   0
 7  8   0
 8  8   0
 9  8   0
10  8  31
 5  9 102
 6  9 133
 7  9 136
 8  9 136
 9  9 133
10  9 102
 5 10 139
 6 10 136
 7 10 136
 8 10 136
 9 10 136
10 10 139
 5 11  63
 6 11  21
 7 11   4
 8 11   4
 9 11  21
10 11  63
 3 12  98
 4 12  79
 5 12  77
 6 12  56
 7 12  26
 8 12  26
 9 12  56
10 12  77
11 12  79
12 12  98
 2 13  27
 3 13  38
 4 13  54
 5 13  49
 6 13  56
 7 13  67
 8 13  67
 9 13  56
10 13  49
11 13  54
12 13  38
13 13  27
