 7  2 113
 8  2 113
 7  3 163
 8  3 163
 7  4  48
 8  4  48
 3  5 132
 4  5 114
 5  5 156
 6  5 134
 7  5   0
 8  5   0
 9  5 134
10  5 156
11  5 114
12  5 132
 2  6 138
 3  6 122
 4  6  92
 5  6 142
 6  6 127
 7  6   6
 8  6   6
 9  6 127
10  6 142
11  6  92
12  6 122
13  6 138
 2  7 149
 3  7   0
 4  7   0
 5  7   0
 6  7  63
 7  7 129
 8  7 129
 9  7  63
10  7   0
11  7   0
12  7   0
13  7 149
 2  8 157
 3  8   0
 4  8   0
 5  8   0
 6  8   0
 7  8 111
 8  8 111
 9  8   0
10  8   0
11  8   0
12  8   0
13  8 157
 2  9 144
 3  9 137
 4  9   6
 5  9  27
 6  9  69
 7  9 121
 8  9 121
 9  9  69
10  9  27
11  9   6
12  9 137
13  9 144
 3 10 147
 4 10 167
 5 10 115
 6 10  74
 7 10  72
 8 10  72
 9 10  74
10 10 115
11 10 167
12 10 147
 4 11 133
 5 11 142
 6 11 129
 7 11 106
 8 11 106
 9 11 129
10 11 142
11 11 133
 4 12  94
 5 12 137
 6 12 136
 7 12 135
 8 12 135
 9 12 136
10 12 137
11 12  94
 4 13 125
 5 13  36
 6 13  11
 7 13   0
 8 13   0
 9 13  11
10 13  36
11 13 125
