 7  2  83
 4  3 135
 5  3  19
 6  3  40
 7  3  19
 8  3  92
 9  3 164
 4  4  63
 5  4  23
 6  4   0
 7  4   2
 8  4  29
 9  4 150
10  4 169
 3  5 153
 4  5  88
 5  5 175
 6  5   0
 7  5   0
 8  5  11
 9  5   0
10  5  76
11  5 175
 3  6  42
 4  6  15
 5  6  10
 6  6   0
 7  6   0
 8  6   8
 9  6   0
10  6   0
11  6 145
12  6 122
 2  7 123
 3  7   2
 4  7   0
 5  7   0
 6  7   0
 7  7  14
 8  7  16
 9  7   0
10  7   0
11  7  30
12  7 178
 2  8  49
 3  8  40
 4  8   0
 5  8   0
 6  8  20
 7  8 105
 8  8  25
 9  8   0
10  8   0
11  8   0
12  8 191
13  8 163
 2  9  40
 3  9  63
 4  9   0
 5  9  31
 6  9 165
 7  9 142
 8  9   4
 9  9   0
10  9   0
11  9   0
12  9 156
13  9 116
 2 10  73
 3 10  27
 4 10  19
 7 10  36
 8 10   0
 9 10   0
10 10   0
11 10   0
12 10 131
13 10 120
 6 11  42
 7 11   0
 8 11   0
 9 11   0
10 11   0
11 11   0
12 11 114
13 11 128
 5 12  77
 6 12   0
 7 12   0
 8 12   0
 9 12   0
10 12   0
11 12   0
12 12 115
13 12 126
 5 13  38
 6 13  20
 7 13  20
 8 13  20
 9 13  20
10 13  20
11 13  20
12 13 129
13 13 121
