 7  3  34
 8  3  34
 6  4  53
 7  4   0
 8  4   0
 9  4  53
 6  5  38
 7  5   0
 8  5   0
 9  5  38
 5  6  98
 6  6   1
 7  6   0
 8  6   0
 9  6   1
10  6  98
 5  7  67
 6  7   0
 7  7   0
 8  7   0
 9  7   0
10  7  67
 6  8   3
 7  8   0
 8  8   0
 9  8   3
 5  9 101
 6  9  14
 7  9   0
 8  9   0
 9  9  14
10  9 101
 5 10   9
 6 10   0
 7 10   0
 8 10   0
 9 10   0
10 10   9
 4 11  36
 5 11   0
 6 11   0
 7 11   0
 8 11   0
 9 11   0
10 11   0
11 11  36
 4 12   1
 5 12   0
 6 12   0
 7 12   0
 8 12   0
 9 12   0
10 12   0
11 12   1
 4 13  19
 5 13   0
 6 13   0
 7 13   0
 8 13   0
 9 13   0
10 13   0
11 13  19
