 4  2 112
 5  2 121
 7  2  40
 8  2  40
10  2 121
11  2 113
 1  3 156
 2  3 111
 4  3  28
 5  3  36
 7  3  86
 8  3  86
10  3  36
11  3  28
13  3 111
14  3 156
 1  4  63
 2  4   6
 5  4  70
 7  4 109
 8  4 109
10  4  70
13  4   6
14  4  63
 2  5  34
 5  5  15
 7  5  69
 8  5  69 
10  5  15
13  5  34
 2  6  70
 3  6  60
 5  6   6
 6  6 144
 7  6  45
 8  6  45
 9  6 144
10  6   6
12  6  60
13  6  70
 2  7 126
 3  7   7
 4  7  79
 5  7   1
 6  7  48
 7  7  25
 8  7  25
 9  7  48
10  7   1
11  7  79
12  7   7
13  7 126
 3  8   8
 4  8  16
 5  8   3
 6  8  10
 7  8   8
 8  8   8
 9  8  10
10  8   3
11  8  16
12  8   8
 3  9  11
 4  9  36
 5  9  95
 6  9 132
 7  9 135
 8  9 135
 9  9 132
10  9  95
11  9  36
12  9  11
 4 10 123
 5 10  58
 6 10  20
 7 10  17
 8 10  17
 9 10  20
10 10  58
11 10 123
 4 11 114
 5 11 119
 6 11 119
 7 11 119
 8 11 119
 9 11 119
10 11 119
11 11 114
 3 12 130
 4 12 141
 5 12 140
 6 12 125
 7 12 105
 8 12 105
 9 12 125
10 12 140
11 12 141
12 12 130
 3 13 135
 4 13 148
 5 13 128
 6 13  96
 7 13  89
 8 13  89
 9 13  96
10 13 128
11 13 148
12 13 135
 5 14 153
 6 14 136
 7 14 145
 8 14 145
 9 14 136
10 14 153
