 4  3  22
 5  3  54
 6  3 133
 7  3  23
 8  3  23
 9  3 133
10  3  54
11  3  22
 4  4  53
 5  4  53
 6  4  53
 7  4  53
 8  4  53
 9  4  53
10  4  53
11  4  53
 4  5  63
 5  5 111
 6  5 111
 7  5 111
 8  5 111
 9  5 111
10  5 111
11  5  63
 5  6  17
 6  6  17
 7  6  17
 8  6  17
 9  6  17
10  6  17
 5  7   0
 6  7   0
 7  7   0
 8  7   0
 9  7   0
10  7   0
 5  8   0
 6  8   0
 7  8   0
 8  8   0
 9  8   0
10  8   0
 5  9   0
 6  9   0
 7  9   0
 8  9   0
 9  9   0
10  9   0
 4 10 132
 5 10  93
 6 10  94
 7 10  94
 8 10  94
 9 10  94
10 10  93
11 10 132
 4 11  64
 5 11 110
 6 11 110
 7 11 110
 8 11 110
 9 11 110
10 11 110
11 11  62
 3 12 116
 4 12  83
 5 12  92
 6 12  92
 7 12  92
 8 12  92
 9 12  92
10 12  92
11 12  83
12 12 116
 3 13  22
 4 13  17
 5 13  17
 6 13  17
 7 13  17
 8 13  17
 9 13  17
10 13  17
11 13  17
12 13  22
