 7  2 107
 8  2 107
 7  3  85
 8  3  85
 6  4 101
 7  4 186
 8  4 186
 9  4 101
 5  5 101
 6  5 242
 7  5 209
 8  5 209
 9  5 242
10  5 101
 5  6 180
 6  6 243
 7  6  88
 8  6  88
 9  6 243
10  6 180
 4  7 163
 5  7 209
 6  7 255
 7  7 223
 8  7 223
 9  7 255
10  7 209
11  7 163
 5  8 114
 6  8 249
 7  8 255
 8  8 255
 9  8 249
10  8 114
 5  9 122
 6  9  92
 7  9 119
 8  9 119
 9  9  92
10  9 122
 5 10  63
 6 10 119
 7 10 119
 8 10 119
 9 10 119
10 10  63
 5 11 105
 6 11 151
 7 11 184
 8 11 184
 9 11 151
10 11 105
 3 12 128
 4 12 119
 5 12 119
 6 12 102
 7 12  93
 8 12  93
 9 12 102
10 12 119
11 12 119
12 12 128
 2 13  52
13 13  52
 3 13 109
 4 13 119
 5 13 121
 6 13 121
 7 13 119
 8 13 119
 9 13 121
10 13 121
11 13 119
12 13 109
