 7  2 113
 8  2 113
 7  3 163
 8  3 163
 7  4  98
 8  4  98
 3  5 143
 4  5 119
 5  5 168
 6  5 153
 7  5 216
 8  5 216
 9  5 153
10  5 168
11  5 119
12  5 143
 2  6 108
 3  6 220
 4  6 255
 5  6 195
 6  6  84
 7  6 175
 8  6 175
 9  6  84
10  6 195
11  6 255
12  6 220
13  6 108
 2  7 146
 3  7 255
 4  7 255
 5  7 255
 6  7 240
 7  7  71
 8  7  71
 9  7 240
10  7 255
11  7 255
12  7 255
13  7 146
 2  8 132
 3  8 255
 4  8 255
 5  8 255
 6  8 255
 7  8 170
 8  8 170
 9  8 255
10  8 255
11  8 255
12  8 255
13  8 132
 2  9 134
 3  9 187
 4  9 255
 5  9 228
 6  9 186
 7  9 128
 8  9 128
 9  9 186
10  9 228
11  9 255
12  9 187
13  9 134
 3 10 131
 4 10  84
 5 10 140
 6 10 183
 7 10 188
 8 10 188
 9 10 183
10 10 140
11 10  84
12 10 131
 4 11  84
 5 11 113
 6 11 126
 7 11 149
 8 11 149
 9 11 126
10 11 113
11 11  84
 4 12 113
 5 12 118
 6 12 119
 7 12 120
 8 12 120
 9 12 119
10 12 118
11 12 113
 4 13  82
 5 13 125
 6 13 170
 7 13 198
 8 13 198
 9 13 170
10 13 125
11 13  82
 7 14 176
 8 14 176
