 7  2 108
 4  3 154
 5  3 110
 6  3 102
 7  3 147
 8  3 113
 9  3 167
 4  4 105
 5  4 227
 6  4 255
 7  4 255
 8  4 255
 9  4 198
10  4 102
 3  5 167
 4  5 125
 5  5  80
 6  5 255
 7  5 255
 8  5 255
 9  5 255
10  5 253
11  5 112
 3  6 107
 4  6 240
 5  6 245
 6  6 255
 7  6 255
 8  6 118
 9  6 255
10  6 255
11  6 245
12  6 116
 2  7 145
 3  7 212
 4  7 255
 5  7 255
 6  7 255
 7  7 176
 8  7  92
 9  7 255
10  7 255
11  7 255
12  7 130
 2  8 109
 3  8 215
 4  8 255
 5  8 255
 6  8 158
 7  8 132
 8  8 142
 9  8 255
10  8 255
11  8 255
12  8 198
13  8 173
 2  9 131
 3  9 175
 4  9 240
 5  9 122
 6  9 179
 7  9 159
 8  9 204
 9  9 255
10  9 255
11  9 255
12  9 249
13  9 124
 2 10 115
 3 10  62
 4 10  71
 7 10 114
 8 10 255
 9 10 255
10 10 255
11 10 255
12 10 255
13 10 119
 6 11 102
 7 11 246
 8 11 255
 9 11 255
10 11 255
11 11 255
12 11 255
13 11 119
 5 12 117
 6 12 242
 7 12 255
 8 12 255
 9 12 255
10 12 255
11 12 255
12 12 255
13 12 119
 5 13  81
 6 13 153
 7 13 153
 8 13 153
 9 13 153
10 13 153
11 13 153
12 13 153
13 13  95
