 7  3 119
 8  3 119
 6  4 116
 7  4 255
 8  4 255
 9  4 116
 6  5  83
 7  5 255
 8  5 255
 9  5  83
 5  6 129
 6  6 229
 7  6 255
 8  6 255
 9  6 229
10  6 129
 5  7 119
 6  7 255
 7  7 255
 8  7 255
 9  7 255
10  7 119
 6  8 208
 7  8 255
 8  8 255
 9  8 208
 5  9 129
 6  9 136
 7  9 255
 8  9 255
 9  9 136
10  9 129
 5 10 195
 6 10 255
 7 10 255
 8 10 255
 9 10 255
10 10 195
 4 11 123
 5 11 255
 6 11 255
 7 11 255
 8 11 255
 9 11 255
10 11 255
11 11 123
 4 12 199
 5 12 255
 6 12 255
 7 12 255
 8 12 255
 9 12 255
10 12 255
11 12 199
 4 13 186
 5 13 255
 6 13 255
 7 13 255
 8 13 255
 9 13 255
10 13 255
11 13 186
