 4  2 117
 5  2 124
 7  2 105
 8  2 105
10  2 124
11  2 117
 1  3 171
 2  3 136
 4  3  98
 5  3 104
 7  3 123
 8  3 123
10  3 104
11  3  98
12  3 136
14  3 171
 1  4 113
 2  4  86
 5  4 111
 7  4 130
 8  4 130
10  4 111
13  4  86
14  4 113
 2  5  79
 5  5  55
 7  5 116
 8  5 116
10  5  55
13  5  79
 2  6 121
 3  6  94
 4  6 180
 5  6 136
 6  6 165
 7  6 116
 8  6 116
 9  6 165
10  6 136
11  6 180
12  6  94
13  6 121
 2  7 163
 3  7 150
 4  7  78
 5  7 193
 6  7  88
 7  7 141
 8  7 141
 9  7  88
10  7 193
11  7  78
12  7 150
13  7 163
 3  8 146
 4  8  62
 5  8  95
 6  8  64
 7  8  77
 8  8  77
 9  8  64
10  8  95
11  8  62
12  8 146
 3  9  45
 4  9 163
 5  9 198
 6  9 211
 7  9 221
 8  9 221
 9  9 211
10  9 198
11  9 163
12  9  45
 3 10 149
 4 10  87
 5 10 119
 6 10 120
 7 10 119
 8 10 119
 9 10 120
10 10 119
11 10  87
12 10 149
 4 11  76
 5 11 127
 6 11 119
 7 11 119
 8 11 119
 9 11 119
10 11 127
11 11  76
 3 12 146
 4 12 185
 5 12 247
 6 12 255
 7 12 255
 8 12 255
 9 12 255
10 12 247
11 12 185
12 12 146
 3 13 133
 4 13 125
 5 13 147
 6 13 164
 7 13 170
 8 13 170
 9 13 164
10 13 147
11 13 125
12 13 133
