 3  3 166
 4  3 112
 5  3  80
 6  3 146
 7  3  85
 8  3  85
 9  3 146
10  3  80
11  3 112
12  3 166
 3  4 139
 4  4 147
 5  4 157
 6  4 150
 7  4 178
 8  4 178
 9  4 150
10  4 157
11  4 147
12  4 139
 4  5  73
 5  5 149
 6  5 150
 7  5 150
 8  5 150
 7  5 150
10  5 149
11  5  73
 4  6 169
 5  6 193
 6  6 251
 7  6 251
 8  6 251
 9  6 251
10  6 193
11  6 169
 4  7 181
 5  7 193
 6  7 255
 7  7 255
 8  7 255
 9  7 255
10  7 193
11  7 181
 4  8 181
 5  8 193
 6  8 255
 7  8 255
 8  8 255
 9  8 255
10  8 193
11  8 181
 4  9 181
 5  9 193
 6  9 255
 7  9 255
 8  9 255
 9  9 255
10  9 255
10  9 193
11  9 181
 4 10 141
 5 10 164
 6 10 191
 7 10 191
 8 10 191
 9 10 191
10 10 164
11 10 141
 4 11  57
 5 11  81
 6 11  81
 7 11  81
 8 11  81
 9 11  81
10 11  81
11 11  57
 3 12 138
 4 12  54
 5 12 123
 6 12 123
 7 12 123
 8 12 123
 9 12 123
10 12 123
11 12  54
12 12 138
 3 13  73
 4 13 129
 5 13 127
 6 13 127
 7 13 127
 8 13 127
 9 13 127
10 13 127
11 13 129
12 13  73